image_width: 1296
image_height: 964
camera_name: 00b09d0100cd1e8c
camera_matrix:
  rows: 3
  cols: 3
  data: [1032.492307905848, 0, 645.4241325917411, 0, 1030.617671038276, 451.9635262336642, 0, 0, 1]
distortion_model: plumb_bob
distortion_coefficients:
  rows: 1
  cols: 5
  data: [-0.3177456362428852, 0.1387818444052994, 0.001565200519083614, 0.003710028410416363, 0]
rectification_matrix:
  rows: 3
  cols: 3
  data: [1, 0, 0, 0, 1, 0, 0, 0, 1]
projection_matrix:
  rows: 3
  cols: 4
  data: [900.2738037109375, 0, 651.730708371746, 0, 0, 955.2603149414062, 448.2418614318522, 0, 0, 0, 1, 0]