image_width: 1296
image_height: 964
camera_name: 00b09d0100cd1e8c
camera_matrix:
  rows: 3
  cols: 3
  data: [1004.635709610514, 0, 663.430965405409, 0, 1002.726908646701, 457.0999294442399, 0, 0, 1]
distortion_model: plumb_bob
distortion_coefficients:
  rows: 1
  cols: 5
  data: [-0.3148027990840923, 0.1411550377891612, 0.0007195449039923849, 0.004930806591994577, 0]
rectification_matrix:
  rows: 3
  cols: 3
  data: [1, 0, 0, 0, 1, 0, 0, 0, 1]
projection_matrix:
  rows: 3
  cols: 4
  data: [871.3172607421875, 0, 677.0269194370849, 0, 0, 926.139892578125, 453.2920288424211, 0, 0, 0, 1, 0]