image_width: 1296
image_height: 964
camera_name: 00b09d0100cd1e8c
camera_matrix:
  rows: 3
  cols: 3
  data: [949.1340265315125, 0, 685.8892189570165, 0, 946.3682698707703, 460.4210709134559, 0, 0, 1]
distortion_model: plumb_bob
distortion_coefficients:
  rows: 1
  cols: 5
  data: [-0.3006721789106958, 0.1182541440547435, -0.001715496339832008, 0.004308203240985997, 0]
rectification_matrix:
  rows: 3
  cols: 3
  data: [1, 0, 0, 0, 1, 0, 0, 0, 1]
projection_matrix:
  rows: 3
  cols: 4
  data: [809.1871948242188, 0, 705.9962957306852, 0, 0, 866.70556640625, 454.2909670543741, 0, 0, 0, 1, 0]