image_width: 1296
image_height: 964
camera_name: 00b09d0100cd1e8a
camera_matrix:
  rows: 3
  cols: 3
  data: [998.1272596437093, 0, 618.8818369955543, 0, 997.0561391577156, 462.0486424940898, 0, 0, 1]
distortion_model: plumb_bob
distortion_coefficients:
  rows: 1
  cols: 5
  data: [-0.276834202869208, 0.137183608224266, 0.003745186359166767, 0.001496568917790978, 0]
rectification_matrix:
  rows: 3
  cols: 3
  data: [1, 0, 0, 0, 1, 0, 0, 0, 1]
projection_matrix:
  rows: 3
  cols: 4
  data: [889.8118896484375, 0, 615.856884148001, 0, 0, 932.3697509765625, 462.3363503441287, 0, 0, 0, 1, 0]