image_width: 1296
image_height: 964
camera_name: 00b09d0100cd1e8a
camera_matrix:
  rows: 3
  cols: 3
  data: [994.0747529082745, 0, 609.3107737026091, 0, 992.3951006131084, 454.8660757592431, 0, 0, 1]
distortion_model: plumb_bob
distortion_coefficients:
  rows: 1
  cols: 5
  data: [-0.2711625865965902, 0.1211617994714909, 0.006253585445847962, 0.001082236570544929, 0]
rectification_matrix:
  rows: 3
  cols: 3
  data: [1, 0, 0, 0, 1, 0, 0, 0, 1]
projection_matrix:
  rows: 3
  cols: 4
  data: [883.5260009765625, 0, 603.0775939216255, 0, 0, 928.109375, 456.4471596959047, 0, 0, 0, 1, 0]